$coord
         -4.320212079518          0.845926067849         -0.534659174221     c 
         -2.340096216314         -1.056322654786          0.387002665815     c 
          0.160815126547          0.158252024556          0.765687587411     c 
          2.345509692214         -0.580248170640         -0.441721633374     c 
          4.654507185354          0.541584027683         -0.116447194344     c 
         -4.526714218399          2.380509628869          0.816852585510     h 
         -6.143679144873         -0.073348356077         -0.765629381396     h 
         -3.752656029037          1.643647630556         -2.341686902256     h 
         -2.997788017385         -1.850790076897          2.184459777774     h 
         -2.178899424760         -2.602926895908         -0.969527506095     h 
          0.226644525203          1.740627123252          2.055966975029     h 
          2.220520685927         -2.164426032282         -1.734548906883     h 
          6.303887135132         -0.110947589666         -1.103836085459     h 
          4.884387408350          2.119741364664          1.144624091478     h 
$end
