           2           1  0.99470260271006061     
           3           1   1.7085413339229600E-002
           3           2   1.0517971726479689     
           4           1   1.2870757838045400E-002
           4           2   6.4002638026372221E-003
           4           3   1.4621664868272901     
           5           1   1.2278406562875602E-002
           5           2   1.6499103898619461E-002
           5           3  0.22787915625198787     
           5           4   1.5408057845115350     
           6           1  0.98202657446269115     
           7           1  0.98360018340818300     
           7           3   1.0547742541731403E-002
           8           1  0.98215237896524499     
           9           2  0.95694983005624756     
           9           3   1.1172210477226056E-002
           9           4   1.0237018840279553E-002
           9           5   9.6777193145521911E-003
           9           8   1.0105200586377181E-002
          10           2  0.97409038474390564     
          10           6   1.0158861075427230E-002
          11           3  0.97206424027392857     
          11          10   9.1841777216030047E-003
          12           4  0.96654738827012332     
          12          11   1.2340371173651669E-002
          13           3   1.1529186721252502E-002
          13           5  0.98407737416981123     
          14           5  0.97998176021579664     
          14          12   1.3331893655190526E-002
